101.000000 45.000000
103.000000 45.000000
104.000000 47.000000
107.000000 48.000000
112.000000 51.000000
118.000000 55.000000
124.000000 59.000000
128.000000 63.000000
131.000000 64.000000
137.000000 65.000000
145.000000 69.000000
158.000000 78.000000
173.000000 83.000000
186.000000 91.000000
204.000000 98.000000
222.000000 108.000000
237.000000 115.000000
250.000000 122.000000
262.000000 131.000000
276.000000 138.000000
290.000000 145.000000
302.000000 154.000000
317.000000 163.000000
330.000000 174.000000
344.000000 183.000000
358.000000 193.000000
368.000000 201.000000
380.000000 208.000000
390.000000 216.000000
401.000000 223.000000
411.000000 231.000000
423.000000 238.000000
433.000000 246.000000
444.000000 253.000000
454.000000 261.000000
462.000000 267.000000
469.000000 273.000000
474.000000 277.000000
476.000000 278.000000
477.000000 280.000000
479.000000 279.000000
479.000000 279.000000
460.000000 118.000000
459.000000 118.000000
457.000000 118.000000
451.000000 121.000000
448.000000 122.000000
442.000000 125.000000
430.000000 128.000000
416.000000 131.000000
402.000000 134.000000
394.000000 138.000000
384.000000 142.000000
373.000000 145.000000
360.000000 148.000000
346.000000 152.000000
333.000000 157.000000
319.000000 160.000000
305.000000 164.000000
296.000000 167.000000
286.000000 168.000000
275.000000 171.000000
263.000000 175.000000
252.000000 178.000000
241.000000 181.000000
232.000000 184.000000
224.000000 186.000000
215.000000 187.000000
210.000000 188.000000
204.000000 189.000000
199.000000 191.000000
198.000000 191.000000
196.000000 191.000000
191.000000 191.000000
186.000000 191.000000
182.000000 193.000000
180.000000 193.000000
178.000000 194.000000
175.000000 194.000000
172.000000 196.000000
169.000000 196.000000
167.000000 196.000000
165.000000 196.000000
163.000000 197.000000
161.000000 197.000000
160.000000 197.000000
158.000000 199.000000
157.000000 199.000000
155.000000 199.000000
155.000000 199.000000
